(kicad_pcb (version 20171130) (host pcbnew "(5.1.8)-1")

  (general
    (thickness 1.6)
    (drawings 27)
    (tracks 242)
    (zones 0)
    (modules 25)
    (nets 23)
  )

  (page A4)
  (layers
    (0 F.Cu signal)
    (31 B.Cu signal)
    (32 B.Adhes user)
    (33 F.Adhes user)
    (34 B.Paste user)
    (35 F.Paste user)
    (36 B.SilkS user)
    (37 F.SilkS user)
    (38 B.Mask user)
    (39 F.Mask user)
    (40 Dwgs.User user)
    (41 Cmts.User user)
    (42 Eco1.User user)
    (43 Eco2.User user)
    (44 Edge.Cuts user)
    (45 Margin user)
    (46 B.CrtYd user)
    (47 F.CrtYd user)
    (48 B.Fab user hide)
    (49 F.Fab user hide)
  )

  (setup
    (last_trace_width 0.2)
    (user_trace_width 0.25)
    (user_trace_width 0.35)
    (user_trace_width 0.5)
    (trace_clearance 0.13)
    (zone_clearance 0.2)
    (zone_45_only yes)
    (trace_min 0.2)
    (via_size 0.6)
    (via_drill 0.3)
    (via_min_size 0.4)
    (via_min_drill 0.3)
    (uvia_size 0.3)
    (uvia_drill 0.1)
    (uvias_allowed no)
    (uvia_min_size 0.2)
    (uvia_min_drill 0.1)
    (edge_width 0.05)
    (segment_width 0.2)
    (pcb_text_width 0.3)
    (pcb_text_size 1.5 1.5)
    (mod_edge_width 0.12)
    (mod_text_size 1 1)
    (mod_text_width 0.15)
    (pad_size 1.524 1.524)
    (pad_drill 0.762)
    (pad_to_mask_clearance 0)
    (aux_axis_origin 0 0)
    (visible_elements 7FFFFFFF)
    (pcbplotparams
      (layerselection 0x010fc_ffffffff)
      (usegerberextensions false)
      (usegerberattributes true)
      (usegerberadvancedattributes true)
      (creategerberjobfile true)
      (excludeedgelayer true)
      (linewidth 0.100000)
      (plotframeref false)
      (viasonmask false)
      (mode 1)
      (useauxorigin false)
      (hpglpennumber 1)
      (hpglpenspeed 20)
      (hpglpendiameter 15.000000)
      (psnegative false)
      (psa4output false)
      (plotreference true)
      (plotvalue true)
      (plotinvisibletext false)
      (padsonsilk false)
      (subtractmaskfromsilk false)
      (outputformat 1)
      (mirror false)
      (drillshape 1)
      (scaleselection 1)
      (outputdirectory ""))
  )

  (net 0 "")
  (net 1 GND)
  (net 2 "Net-(J1-Pad30)")
  (net 3 "Net-(J1-Pad32)")
  (net 4 /USB-)
  (net 5 /USB+)
  (net 6 "Net-(Q1-Pad2)")
  (net 7 "Net-(Q1-Pad5)")
  (net 8 +3V3)
  (net 9 /CC_RST)
  (net 10 /~LED_WWAN)
  (net 11 "Net-(J2-Pad8)")
  (net 12 "Net-(J2-Pad6)")
  (net 13 "Net-(J2-Pad4)")
  (net 14 "Net-(J2-Pad2)")
  (net 15 /CC_SBL)
  (net 16 "Net-(Q2-Pad2)")
  (net 17 "Net-(Q2-Pad1)")
  (net 18 /USB_FS_PU)
  (net 19 "Net-(R5-Pad2)")
  (net 20 /CC_USB+)
  (net 21 /CC_USB-)
  (net 22 /~LED_ACT)

  (net_class Default "This is the default net class."
    (clearance 0.13)
    (trace_width 0.2)
    (via_dia 0.6)
    (via_drill 0.3)
    (uvia_dia 0.3)
    (uvia_drill 0.1)
    (diff_pair_width 0.2)
    (diff_pair_gap 0.13)
    (add_net +3V3)
    (add_net /CC_RST)
    (add_net /CC_SBL)
    (add_net /CC_USB+)
    (add_net /CC_USB-)
    (add_net /USB+)
    (add_net /USB-)
    (add_net /USB_FS_PU)
    (add_net /~LED_ACT)
    (add_net /~LED_WWAN)
    (add_net GND)
    (add_net "Net-(J1-Pad30)")
    (add_net "Net-(J1-Pad32)")
    (add_net "Net-(J2-Pad2)")
    (add_net "Net-(J2-Pad4)")
    (add_net "Net-(J2-Pad6)")
    (add_net "Net-(J2-Pad8)")
    (add_net "Net-(Q1-Pad2)")
    (add_net "Net-(Q1-Pad5)")
    (add_net "Net-(Q2-Pad1)")
    (add_net "Net-(Q2-Pad2)")
    (add_net "Net-(R5-Pad2)")
  )

  (module Resistor_SMD:R_0603_1608Metric (layer B.Cu) (tedit 5F68FEEE) (tstamp 605CAFA4)
    (at 151.4 142.225 270)
    (descr "Resistor SMD 0603 (1608 Metric), square (rectangular) end terminal, IPC_7351 nominal, (Body size source: IPC-SM-782 page 72, https://www.pcb-3d.com/wordpress/wp-content/uploads/ipc-sm-782a_amendment_1_and_2.pdf), generated with kicad-footprint-generator")
    (tags resistor)
    (path /602901FF)
    (attr smd)
    (fp_text reference R4 (at 0 1.43 270) (layer B.SilkS)
      (effects (font (size 0.8 0.8) (thickness 0.1)) (justify mirror))
    )
    (fp_text value 33R (at 0 -1.43 270) (layer B.Fab)
      (effects (font (size 0.8 0.8) (thickness 0.1)) (justify mirror))
    )
    (fp_line (start 1.48 -0.73) (end -1.48 -0.73) (layer B.CrtYd) (width 0.05))
    (fp_line (start 1.48 0.73) (end 1.48 -0.73) (layer B.CrtYd) (width 0.05))
    (fp_line (start -1.48 0.73) (end 1.48 0.73) (layer B.CrtYd) (width 0.05))
    (fp_line (start -1.48 -0.73) (end -1.48 0.73) (layer B.CrtYd) (width 0.05))
    (fp_line (start -0.237258 -0.5225) (end 0.237258 -0.5225) (layer B.SilkS) (width 0.12))
    (fp_line (start -0.237258 0.5225) (end 0.237258 0.5225) (layer B.SilkS) (width 0.12))
    (fp_line (start 0.8 -0.4125) (end -0.8 -0.4125) (layer B.Fab) (width 0.1))
    (fp_line (start 0.8 0.4125) (end 0.8 -0.4125) (layer B.Fab) (width 0.1))
    (fp_line (start -0.8 0.4125) (end 0.8 0.4125) (layer B.Fab) (width 0.1))
    (fp_line (start -0.8 -0.4125) (end -0.8 0.4125) (layer B.Fab) (width 0.1))
    (fp_text user %R (at 0 0 270) (layer B.Fab)
      (effects (font (size 0.8 0.8) (thickness 0.1)) (justify mirror))
    )
    (pad 1 smd roundrect (at -0.825 0 270) (size 0.8 0.95) (layers B.Cu B.Paste B.Mask) (roundrect_rratio 0.25)
      (net 21 /CC_USB-))
    (pad 2 smd roundrect (at 0.825 0 270) (size 0.8 0.95) (layers B.Cu B.Paste B.Mask) (roundrect_rratio 0.25)
      (net 4 /USB-))
    (model ${KISYS3DMOD}/Resistor_SMD.3dshapes/R_0603_1608Metric.wrl
      (at (xyz 0 0 0))
      (scale (xyz 1 1 1))
      (rotate (xyz 0 0 0))
    )
  )

  (module TestPoint:TestPoint_Pad_D1.5mm (layer B.Cu) (tedit 5A0F774F) (tstamp 605CAFC6)
    (at 146.6 139.76)
    (descr "SMD pad as test Point, diameter 1.5mm")
    (tags "test point SMD pad")
    (path /626437CE)
    (attr virtual)
    (fp_text reference TP1 (at -2.4 0.04) (layer B.SilkS)
      (effects (font (size 0.8 0.8) (thickness 0.1)) (justify mirror))
    )
    (fp_text value SDA (at 0 -1.75) (layer B.Fab)
      (effects (font (size 0.8 0.8) (thickness 0.1)) (justify mirror))
    )
    (fp_circle (center 0 0) (end 0 -0.95) (layer B.SilkS) (width 0.12))
    (fp_circle (center 0 0) (end 1.25 0) (layer B.CrtYd) (width 0.05))
    (fp_text user %R (at 0 1.65) (layer B.Fab)
      (effects (font (size 0.8 0.8) (thickness 0.1)) (justify mirror))
    )
    (pad 1 smd circle (at 0 0) (size 1.5 1.5) (layers B.Cu B.Mask)
      (net 3 "Net-(J1-Pad32)"))
  )

  (module TestPoint:TestPoint_Pad_D1.5mm (layer B.Cu) (tedit 5A0F774F) (tstamp 605CAFDE)
    (at 158 133.8)
    (descr "SMD pad as test Point, diameter 1.5mm")
    (tags "test point SMD pad")
    (path /626C5C3A)
    (attr virtual)
    (fp_text reference TP4 (at 0 1.648) (layer B.SilkS)
      (effects (font (size 0.8 0.8) (thickness 0.1)) (justify mirror))
    )
    (fp_text value LED_WWAN (at 0 -1.75) (layer B.Fab)
      (effects (font (size 0.8 0.8) (thickness 0.1)) (justify mirror))
    )
    (fp_circle (center 0 0) (end 0 -0.95) (layer B.SilkS) (width 0.12))
    (fp_circle (center 0 0) (end 1.25 0) (layer B.CrtYd) (width 0.05))
    (fp_text user %R (at 0 1.65) (layer B.Fab)
      (effects (font (size 0.8 0.8) (thickness 0.1)) (justify mirror))
    )
    (pad 1 smd circle (at 0 0) (size 1.5 1.5) (layers B.Cu B.Mask)
      (net 6 "Net-(Q1-Pad2)"))
  )

  (module TestPoint:TestPoint_Pad_D1.5mm (layer B.Cu) (tedit 5A0F774F) (tstamp 605CAFD6)
    (at 155.2 133.8)
    (descr "SMD pad as test Point, diameter 1.5mm")
    (tags "test point SMD pad")
    (path /626C07DA)
    (attr virtual)
    (fp_text reference TP3 (at 0 1.648) (layer B.SilkS)
      (effects (font (size 0.8 0.8) (thickness 0.1)) (justify mirror))
    )
    (fp_text value LED_WLAN (at 0 -1.75) (layer B.Fab)
      (effects (font (size 0.8 0.8) (thickness 0.1)) (justify mirror))
    )
    (fp_circle (center 0 0) (end 0 -0.95) (layer B.SilkS) (width 0.12))
    (fp_circle (center 0 0) (end 1.25 0) (layer B.CrtYd) (width 0.05))
    (fp_text user %R (at 0 1.65) (layer B.Fab)
      (effects (font (size 0.8 0.8) (thickness 0.1)) (justify mirror))
    )
    (pad 1 smd circle (at 0 0) (size 1.5 1.5) (layers B.Cu B.Mask)
      (net 7 "Net-(Q1-Pad5)"))
  )

  (module TestPoint:TestPoint_Pad_D1.5mm (layer B.Cu) (tedit 5A0F774F) (tstamp 605CAFCE)
    (at 146.6 142.3)
    (descr "SMD pad as test Point, diameter 1.5mm")
    (tags "test point SMD pad")
    (path /62644C34)
    (attr virtual)
    (fp_text reference TP2 (at -2.4 0) (layer B.SilkS)
      (effects (font (size 0.8 0.8) (thickness 0.1)) (justify mirror))
    )
    (fp_text value SCL (at 0 -1.75) (layer B.Fab)
      (effects (font (size 0.8 0.8) (thickness 0.1)) (justify mirror))
    )
    (fp_circle (center 0 0) (end 0 -0.95) (layer B.SilkS) (width 0.12))
    (fp_circle (center 0 0) (end 1.25 0) (layer B.CrtYd) (width 0.05))
    (fp_text user %R (at 0 1.65) (layer B.Fab)
      (effects (font (size 0.8 0.8) (thickness 0.1)) (justify mirror))
    )
    (pad 1 smd circle (at 0 0) (size 1.5 1.5) (layers B.Cu B.Mask)
      (net 2 "Net-(J1-Pad30)"))
  )

  (module Resistor_SMD:R_0603_1608Metric (layer F.Cu) (tedit 5F68FEEE) (tstamp 605CAFB5)
    (at 155.15 141.95 270)
    (descr "Resistor SMD 0603 (1608 Metric), square (rectangular) end terminal, IPC_7351 nominal, (Body size source: IPC-SM-782 page 72, https://www.pcb-3d.com/wordpress/wp-content/uploads/ipc-sm-782a_amendment_1_and_2.pdf), generated with kicad-footprint-generator")
    (tags resistor)
    (path /62604FD4)
    (attr smd)
    (fp_text reference R5 (at 0 -1.43 90) (layer F.SilkS)
      (effects (font (size 0.8 0.8) (thickness 0.1)))
    )
    (fp_text value 4K7 (at 0 1.43 90) (layer F.Fab)
      (effects (font (size 0.8 0.8) (thickness 0.1)))
    )
    (fp_line (start 1.48 0.73) (end -1.48 0.73) (layer F.CrtYd) (width 0.05))
    (fp_line (start 1.48 -0.73) (end 1.48 0.73) (layer F.CrtYd) (width 0.05))
    (fp_line (start -1.48 -0.73) (end 1.48 -0.73) (layer F.CrtYd) (width 0.05))
    (fp_line (start -1.48 0.73) (end -1.48 -0.73) (layer F.CrtYd) (width 0.05))
    (fp_line (start -0.237258 0.5225) (end 0.237258 0.5225) (layer F.SilkS) (width 0.12))
    (fp_line (start -0.237258 -0.5225) (end 0.237258 -0.5225) (layer F.SilkS) (width 0.12))
    (fp_line (start 0.8 0.4125) (end -0.8 0.4125) (layer F.Fab) (width 0.1))
    (fp_line (start 0.8 -0.4125) (end 0.8 0.4125) (layer F.Fab) (width 0.1))
    (fp_line (start -0.8 -0.4125) (end 0.8 -0.4125) (layer F.Fab) (width 0.1))
    (fp_line (start -0.8 0.4125) (end -0.8 -0.4125) (layer F.Fab) (width 0.1))
    (fp_text user %R (at 0 0 90) (layer F.Fab)
      (effects (font (size 0.8 0.8) (thickness 0.1)))
    )
    (pad 1 smd roundrect (at -0.825 0 270) (size 0.8 0.95) (layers F.Cu F.Paste F.Mask) (roundrect_rratio 0.25)
      (net 8 +3V3))
    (pad 2 smd roundrect (at 0.825 0 270) (size 0.8 0.95) (layers F.Cu F.Paste F.Mask) (roundrect_rratio 0.25)
      (net 19 "Net-(R5-Pad2)"))
    (model ${KISYS3DMOD}/Resistor_SMD.3dshapes/R_0603_1608Metric.wrl
      (at (xyz 0 0 0))
      (scale (xyz 1 1 1))
      (rotate (xyz 0 0 0))
    )
  )

  (module Resistor_SMD:R_0603_1608Metric (layer B.Cu) (tedit 5F68FEEE) (tstamp 605CAF93)
    (at 152.9 142.225 270)
    (descr "Resistor SMD 0603 (1608 Metric), square (rectangular) end terminal, IPC_7351 nominal, (Body size source: IPC-SM-782 page 72, https://www.pcb-3d.com/wordpress/wp-content/uploads/ipc-sm-782a_amendment_1_and_2.pdf), generated with kicad-footprint-generator")
    (tags resistor)
    (path /6028F7B3)
    (attr smd)
    (fp_text reference R3 (at 0 1.43 270) (layer B.SilkS)
      (effects (font (size 0.8 0.8) (thickness 0.1)) (justify mirror))
    )
    (fp_text value 33R (at 0 -1.43 270) (layer B.Fab)
      (effects (font (size 0.8 0.8) (thickness 0.1)) (justify mirror))
    )
    (fp_line (start 1.48 -0.73) (end -1.48 -0.73) (layer B.CrtYd) (width 0.05))
    (fp_line (start 1.48 0.73) (end 1.48 -0.73) (layer B.CrtYd) (width 0.05))
    (fp_line (start -1.48 0.73) (end 1.48 0.73) (layer B.CrtYd) (width 0.05))
    (fp_line (start -1.48 -0.73) (end -1.48 0.73) (layer B.CrtYd) (width 0.05))
    (fp_line (start -0.237258 -0.5225) (end 0.237258 -0.5225) (layer B.SilkS) (width 0.12))
    (fp_line (start -0.237258 0.5225) (end 0.237258 0.5225) (layer B.SilkS) (width 0.12))
    (fp_line (start 0.8 -0.4125) (end -0.8 -0.4125) (layer B.Fab) (width 0.1))
    (fp_line (start 0.8 0.4125) (end 0.8 -0.4125) (layer B.Fab) (width 0.1))
    (fp_line (start -0.8 0.4125) (end 0.8 0.4125) (layer B.Fab) (width 0.1))
    (fp_line (start -0.8 -0.4125) (end -0.8 0.4125) (layer B.Fab) (width 0.1))
    (fp_text user %R (at 0 0 270) (layer B.Fab)
      (effects (font (size 0.8 0.8) (thickness 0.1)) (justify mirror))
    )
    (pad 1 smd roundrect (at -0.825 0 270) (size 0.8 0.95) (layers B.Cu B.Paste B.Mask) (roundrect_rratio 0.25)
      (net 20 /CC_USB+))
    (pad 2 smd roundrect (at 0.825 0 270) (size 0.8 0.95) (layers B.Cu B.Paste B.Mask) (roundrect_rratio 0.25)
      (net 5 /USB+))
    (model ${KISYS3DMOD}/Resistor_SMD.3dshapes/R_0603_1608Metric.wrl
      (at (xyz 0 0 0))
      (scale (xyz 1 1 1))
      (rotate (xyz 0 0 0))
    )
  )

  (module Resistor_SMD:R_0603_1608Metric (layer B.Cu) (tedit 5F68FEEE) (tstamp 605CAF82)
    (at 154.3 139.6)
    (descr "Resistor SMD 0603 (1608 Metric), square (rectangular) end terminal, IPC_7351 nominal, (Body size source: IPC-SM-782 page 72, https://www.pcb-3d.com/wordpress/wp-content/uploads/ipc-sm-782a_amendment_1_and_2.pdf), generated with kicad-footprint-generator")
    (tags resistor)
    (path /6271BF69)
    (attr smd)
    (fp_text reference R2 (at 0 1.43) (layer B.SilkS)
      (effects (font (size 0.8 0.8) (thickness 0.1)) (justify mirror))
    )
    (fp_text value 1K5 (at 0 -1.43) (layer B.Fab)
      (effects (font (size 0.8 0.8) (thickness 0.1)) (justify mirror))
    )
    (fp_line (start 1.48 -0.73) (end -1.48 -0.73) (layer B.CrtYd) (width 0.05))
    (fp_line (start 1.48 0.73) (end 1.48 -0.73) (layer B.CrtYd) (width 0.05))
    (fp_line (start -1.48 0.73) (end 1.48 0.73) (layer B.CrtYd) (width 0.05))
    (fp_line (start -1.48 -0.73) (end -1.48 0.73) (layer B.CrtYd) (width 0.05))
    (fp_line (start -0.237258 -0.5225) (end 0.237258 -0.5225) (layer B.SilkS) (width 0.12))
    (fp_line (start -0.237258 0.5225) (end 0.237258 0.5225) (layer B.SilkS) (width 0.12))
    (fp_line (start 0.8 -0.4125) (end -0.8 -0.4125) (layer B.Fab) (width 0.1))
    (fp_line (start 0.8 0.4125) (end 0.8 -0.4125) (layer B.Fab) (width 0.1))
    (fp_line (start -0.8 0.4125) (end 0.8 0.4125) (layer B.Fab) (width 0.1))
    (fp_line (start -0.8 -0.4125) (end -0.8 0.4125) (layer B.Fab) (width 0.1))
    (fp_text user %R (at 0 0) (layer B.Fab)
      (effects (font (size 0.8 0.8) (thickness 0.1)) (justify mirror))
    )
    (pad 1 smd roundrect (at -0.825 0) (size 0.8 0.95) (layers B.Cu B.Paste B.Mask) (roundrect_rratio 0.25)
      (net 18 /USB_FS_PU))
    (pad 2 smd roundrect (at 0.825 0) (size 0.8 0.95) (layers B.Cu B.Paste B.Mask) (roundrect_rratio 0.25)
      (net 5 /USB+))
    (model ${KISYS3DMOD}/Resistor_SMD.3dshapes/R_0603_1608Metric.wrl
      (at (xyz 0 0 0))
      (scale (xyz 1 1 1))
      (rotate (xyz 0 0 0))
    )
  )

  (module Resistor_SMD:R_0603_1608Metric (layer F.Cu) (tedit 5F68FEEE) (tstamp 605CAF71)
    (at 158 116.7 90)
    (descr "Resistor SMD 0603 (1608 Metric), square (rectangular) end terminal, IPC_7351 nominal, (Body size source: IPC-SM-782 page 72, https://www.pcb-3d.com/wordpress/wp-content/uploads/ipc-sm-782a_amendment_1_and_2.pdf), generated with kicad-footprint-generator")
    (tags resistor)
    (path /602562FE)
    (attr smd)
    (fp_text reference R1 (at 2.35 0 90) (layer F.SilkS)
      (effects (font (size 0.8 0.8) (thickness 0.1)))
    )
    (fp_text value 4K7 (at 0 1.43 90) (layer F.Fab)
      (effects (font (size 0.8 0.8) (thickness 0.1)))
    )
    (fp_line (start 1.48 0.73) (end -1.48 0.73) (layer F.CrtYd) (width 0.05))
    (fp_line (start 1.48 -0.73) (end 1.48 0.73) (layer F.CrtYd) (width 0.05))
    (fp_line (start -1.48 -0.73) (end 1.48 -0.73) (layer F.CrtYd) (width 0.05))
    (fp_line (start -1.48 0.73) (end -1.48 -0.73) (layer F.CrtYd) (width 0.05))
    (fp_line (start -0.237258 0.5225) (end 0.237258 0.5225) (layer F.SilkS) (width 0.12))
    (fp_line (start -0.237258 -0.5225) (end 0.237258 -0.5225) (layer F.SilkS) (width 0.12))
    (fp_line (start 0.8 0.4125) (end -0.8 0.4125) (layer F.Fab) (width 0.1))
    (fp_line (start 0.8 -0.4125) (end 0.8 0.4125) (layer F.Fab) (width 0.1))
    (fp_line (start -0.8 -0.4125) (end 0.8 -0.4125) (layer F.Fab) (width 0.1))
    (fp_line (start -0.8 0.4125) (end -0.8 -0.4125) (layer F.Fab) (width 0.1))
    (fp_text user %R (at 0 0 90) (layer F.Fab)
      (effects (font (size 0.8 0.8) (thickness 0.1)))
    )
    (pad 1 smd roundrect (at -0.825 0 90) (size 0.8 0.95) (layers F.Cu F.Paste F.Mask) (roundrect_rratio 0.25)
      (net 9 /CC_RST))
    (pad 2 smd roundrect (at 0.825 0 90) (size 0.8 0.95) (layers F.Cu F.Paste F.Mask) (roundrect_rratio 0.25)
      (net 8 +3V3))
    (model ${KISYS3DMOD}/Resistor_SMD.3dshapes/R_0603_1608Metric.wrl
      (at (xyz 0 0 0))
      (scale (xyz 1 1 1))
      (rotate (xyz 0 0 0))
    )
  )

  (module Package_TO_SOT_SMD:SOT-363_SC-70-6 (layer F.Cu) (tedit 5A02FF57) (tstamp 605CAF60)
    (at 159.2 121 180)
    (descr "SOT-363, SC-70-6")
    (tags "SOT-363 SC-70-6")
    (path /621C9D3F)
    (attr smd)
    (fp_text reference Q2 (at 0 2) (layer F.SilkS)
      (effects (font (size 0.8 0.8) (thickness 0.1)))
    )
    (fp_text value MUN5214DW1 (at 0 2 180) (layer F.Fab)
      (effects (font (size 0.8 0.8) (thickness 0.1)))
    )
    (fp_line (start -0.175 -1.1) (end -0.675 -0.6) (layer F.Fab) (width 0.1))
    (fp_line (start 0.675 1.1) (end -0.675 1.1) (layer F.Fab) (width 0.1))
    (fp_line (start 0.675 -1.1) (end 0.675 1.1) (layer F.Fab) (width 0.1))
    (fp_line (start -1.6 1.4) (end 1.6 1.4) (layer F.CrtYd) (width 0.05))
    (fp_line (start -0.675 -0.6) (end -0.675 1.1) (layer F.Fab) (width 0.1))
    (fp_line (start 0.675 -1.1) (end -0.175 -1.1) (layer F.Fab) (width 0.1))
    (fp_line (start -1.6 -1.4) (end 1.6 -1.4) (layer F.CrtYd) (width 0.05))
    (fp_line (start -1.6 -1.4) (end -1.6 1.4) (layer F.CrtYd) (width 0.05))
    (fp_line (start 1.6 1.4) (end 1.6 -1.4) (layer F.CrtYd) (width 0.05))
    (fp_line (start -0.7 1.16) (end 0.7 1.16) (layer F.SilkS) (width 0.12))
    (fp_line (start 0.7 -1.16) (end -1.2 -1.16) (layer F.SilkS) (width 0.12))
    (fp_text user %R (at 0 0 90) (layer F.Fab)
      (effects (font (size 0.8 0.8) (thickness 0.1)))
    )
    (pad 1 smd rect (at -0.95 -0.65 180) (size 0.65 0.4) (layers F.Cu F.Paste F.Mask)
      (net 17 "Net-(Q2-Pad1)"))
    (pad 3 smd rect (at -0.95 0.65 180) (size 0.65 0.4) (layers F.Cu F.Paste F.Mask)
      (net 15 /CC_SBL))
    (pad 5 smd rect (at 0.95 0 180) (size 0.65 0.4) (layers F.Cu F.Paste F.Mask)
      (net 17 "Net-(Q2-Pad1)"))
    (pad 2 smd rect (at -0.95 0 180) (size 0.65 0.4) (layers F.Cu F.Paste F.Mask)
      (net 16 "Net-(Q2-Pad2)"))
    (pad 4 smd rect (at 0.95 0.65 180) (size 0.65 0.4) (layers F.Cu F.Paste F.Mask)
      (net 16 "Net-(Q2-Pad2)"))
    (pad 6 smd rect (at 0.95 -0.65 180) (size 0.65 0.4) (layers F.Cu F.Paste F.Mask)
      (net 9 /CC_RST))
    (model ${KISYS3DMOD}/Package_TO_SOT_SMD.3dshapes/SOT-363_SC-70-6.wrl
      (at (xyz 0 0 0))
      (scale (xyz 1 1 1))
      (rotate (xyz 0 0 0))
    )
  )

  (module Package_TO_SOT_SMD:SOT-363_SC-70-6 (layer B.Cu) (tedit 5A02FF57) (tstamp 605CAF4A)
    (at 158.1 139.1 270)
    (descr "SOT-363, SC-70-6")
    (tags "SOT-363 SC-70-6")
    (path /6266E5E7)
    (attr smd)
    (fp_text reference Q1 (at 0 2 270) (layer B.SilkS)
      (effects (font (size 0.8 0.8) (thickness 0.1)) (justify mirror))
    )
    (fp_text value MUN5214DW1 (at 0 -2 90) (layer B.Fab)
      (effects (font (size 0.8 0.8) (thickness 0.1)) (justify mirror))
    )
    (fp_line (start -0.175 1.1) (end -0.675 0.6) (layer B.Fab) (width 0.1))
    (fp_line (start 0.675 -1.1) (end -0.675 -1.1) (layer B.Fab) (width 0.1))
    (fp_line (start 0.675 1.1) (end 0.675 -1.1) (layer B.Fab) (width 0.1))
    (fp_line (start -1.6 -1.4) (end 1.6 -1.4) (layer B.CrtYd) (width 0.05))
    (fp_line (start -0.675 0.6) (end -0.675 -1.1) (layer B.Fab) (width 0.1))
    (fp_line (start 0.675 1.1) (end -0.175 1.1) (layer B.Fab) (width 0.1))
    (fp_line (start -1.6 1.4) (end 1.6 1.4) (layer B.CrtYd) (width 0.05))
    (fp_line (start -1.6 1.4) (end -1.6 -1.4) (layer B.CrtYd) (width 0.05))
    (fp_line (start 1.6 -1.4) (end 1.6 1.4) (layer B.CrtYd) (width 0.05))
    (fp_line (start -0.7 -1.16) (end 0.7 -1.16) (layer B.SilkS) (width 0.12))
    (fp_line (start 0.7 1.16) (end -1.2 1.16) (layer B.SilkS) (width 0.12))
    (fp_text user %R (at 0 0) (layer B.Fab)
      (effects (font (size 0.8 0.8) (thickness 0.1)) (justify mirror))
    )
    (pad 1 smd rect (at -0.95 0.65 270) (size 0.65 0.4) (layers B.Cu B.Paste B.Mask)
      (net 1 GND))
    (pad 3 smd rect (at -0.95 -0.65 270) (size 0.65 0.4) (layers B.Cu B.Paste B.Mask)
      (net 22 /~LED_ACT))
    (pad 5 smd rect (at 0.95 0 270) (size 0.65 0.4) (layers B.Cu B.Paste B.Mask)
      (net 7 "Net-(Q1-Pad5)"))
    (pad 2 smd rect (at -0.95 0 270) (size 0.65 0.4) (layers B.Cu B.Paste B.Mask)
      (net 6 "Net-(Q1-Pad2)"))
    (pad 4 smd rect (at 0.95 -0.65 270) (size 0.65 0.4) (layers B.Cu B.Paste B.Mask)
      (net 1 GND))
    (pad 6 smd rect (at 0.95 0.65 270) (size 0.65 0.4) (layers B.Cu B.Paste B.Mask)
      (net 10 /~LED_WWAN))
    (model ${KISYS3DMOD}/Package_TO_SOT_SMD.3dshapes/SOT-363_SC-70-6.wrl
      (at (xyz 0 0 0))
      (scale (xyz 1 1 1))
      (rotate (xyz 0 0 0))
    )
  )

  (module Jumper:SolderJumper-2_P1.3mm_Open_RoundedPad1.0x1.5mm (layer F.Cu) (tedit 5B391E66) (tstamp 605CAF34)
    (at 159.2 128.35 270)
    (descr "SMD Solder Jumper, 1x1.5mm, rounded Pads, 0.3mm gap, open")
    (tags "solder jumper open")
    (path /6024BFE2)
    (attr virtual)
    (fp_text reference JP1 (at -0.05 -2.9 90) (layer F.SilkS) hide
      (effects (font (size 0.8 0.8) (thickness 0.1)))
    )
    (fp_text value SolderJumper_2_Open (at 0 1.9 90) (layer F.Fab)
      (effects (font (size 0.8 0.8) (thickness 0.1)))
    )
    (fp_line (start 1.65 1.25) (end -1.65 1.25) (layer F.CrtYd) (width 0.05))
    (fp_line (start 1.65 1.25) (end 1.65 -1.25) (layer F.CrtYd) (width 0.05))
    (fp_line (start -1.65 -1.25) (end -1.65 1.25) (layer F.CrtYd) (width 0.05))
    (fp_line (start -1.65 -1.25) (end 1.65 -1.25) (layer F.CrtYd) (width 0.05))
    (fp_line (start -0.7 -1) (end 0.7 -1) (layer F.SilkS) (width 0.12))
    (fp_line (start 1.4 -0.3) (end 1.4 0.3) (layer F.SilkS) (width 0.12))
    (fp_line (start 0.7 1) (end -0.7 1) (layer F.SilkS) (width 0.12))
    (fp_line (start -1.4 0.3) (end -1.4 -0.3) (layer F.SilkS) (width 0.12))
    (fp_arc (start 0.7 -0.3) (end 1.4 -0.3) (angle -90) (layer F.SilkS) (width 0.12))
    (fp_arc (start 0.7 0.3) (end 0.7 1) (angle -90) (layer F.SilkS) (width 0.12))
    (fp_arc (start -0.7 0.3) (end -1.4 0.3) (angle -90) (layer F.SilkS) (width 0.12))
    (fp_arc (start -0.7 -0.3) (end -0.7 -1) (angle -90) (layer F.SilkS) (width 0.12))
    (fp_text user SBL (at 2.75 0 270) (layer F.SilkS)
      (effects (font (size 0.8 0.8) (thickness 0.1)))
    )
    (pad 1 smd custom (at -0.65 0 270) (size 1 0.5) (layers F.Cu F.Mask)
      (net 15 /CC_SBL) (zone_connect 2)
      (options (clearance outline) (anchor rect))
      (primitives
        (gr_circle (center 0 0.25) (end 0.5 0.25) (width 0))
        (gr_circle (center 0 -0.25) (end 0.5 -0.25) (width 0))
        (gr_poly (pts
           (xy 0 -0.75) (xy 0.5 -0.75) (xy 0.5 0.75) (xy 0 0.75)) (width 0))
      ))
    (pad 2 smd custom (at 0.65 0 270) (size 1 0.5) (layers F.Cu F.Mask)
      (net 1 GND) (zone_connect 2)
      (options (clearance outline) (anchor rect))
      (primitives
        (gr_circle (center 0 0.25) (end 0.5 0.25) (width 0))
        (gr_circle (center 0 -0.25) (end 0.5 -0.25) (width 0))
        (gr_poly (pts
           (xy 0 -0.75) (xy -0.5 -0.75) (xy -0.5 0.75) (xy 0 0.75)) (width 0))
      ))
  )

  (module Connector_PinHeader_1.27mm:PinHeader_2x05_P1.27mm_Vertical_SMD (layer B.Cu) (tedit 59FED6E3) (tstamp 605CAF22)
    (at 142.05 129.1 180)
    (descr "surface-mounted straight pin header, 2x05, 1.27mm pitch, double rows")
    (tags "Surface mounted pin header SMD 2x05 1.27mm double row")
    (path /622FB645)
    (attr smd)
    (fp_text reference J2 (at 0 4.235) (layer B.SilkS)
      (effects (font (size 0.8 0.8) (thickness 0.1)) (justify mirror))
    )
    (fp_text value Conn_ARM_JTAG_SWD_10 (at 0 -4.235) (layer B.Fab)
      (effects (font (size 0.8 0.8) (thickness 0.1)) (justify mirror))
    )
    (fp_line (start 4.3 3.7) (end -4.3 3.7) (layer B.CrtYd) (width 0.05))
    (fp_line (start 4.3 -3.7) (end 4.3 3.7) (layer B.CrtYd) (width 0.05))
    (fp_line (start -4.3 -3.7) (end 4.3 -3.7) (layer B.CrtYd) (width 0.05))
    (fp_line (start -4.3 3.7) (end -4.3 -3.7) (layer B.CrtYd) (width 0.05))
    (fp_line (start 1.765 -3.17) (end 1.765 -3.235) (layer B.SilkS) (width 0.12))
    (fp_line (start -1.765 -3.17) (end -1.765 -3.235) (layer B.SilkS) (width 0.12))
    (fp_line (start 1.765 3.235) (end 1.765 3.17) (layer B.SilkS) (width 0.12))
    (fp_line (start -1.765 3.235) (end -1.765 3.17) (layer B.SilkS) (width 0.12))
    (fp_line (start -3.09 3.17) (end -1.765 3.17) (layer B.SilkS) (width 0.12))
    (fp_line (start -1.765 -3.235) (end 1.765 -3.235) (layer B.SilkS) (width 0.12))
    (fp_line (start -1.765 3.235) (end 1.765 3.235) (layer B.SilkS) (width 0.12))
    (fp_line (start 2.75 -2.74) (end 1.705 -2.74) (layer B.Fab) (width 0.1))
    (fp_line (start 2.75 -2.34) (end 2.75 -2.74) (layer B.Fab) (width 0.1))
    (fp_line (start 1.705 -2.34) (end 2.75 -2.34) (layer B.Fab) (width 0.1))
    (fp_line (start -2.75 -2.74) (end -1.705 -2.74) (layer B.Fab) (width 0.1))
    (fp_line (start -2.75 -2.34) (end -2.75 -2.74) (layer B.Fab) (width 0.1))
    (fp_line (start -1.705 -2.34) (end -2.75 -2.34) (layer B.Fab) (width 0.1))
    (fp_line (start 2.75 -1.47) (end 1.705 -1.47) (layer B.Fab) (width 0.1))
    (fp_line (start 2.75 -1.07) (end 2.75 -1.47) (layer B.Fab) (width 0.1))
    (fp_line (start 1.705 -1.07) (end 2.75 -1.07) (layer B.Fab) (width 0.1))
    (fp_line (start -2.75 -1.47) (end -1.705 -1.47) (layer B.Fab) (width 0.1))
    (fp_line (start -2.75 -1.07) (end -2.75 -1.47) (layer B.Fab) (width 0.1))
    (fp_line (start -1.705 -1.07) (end -2.75 -1.07) (layer B.Fab) (width 0.1))
    (fp_line (start 2.75 -0.2) (end 1.705 -0.2) (layer B.Fab) (width 0.1))
    (fp_line (start 2.75 0.2) (end 2.75 -0.2) (layer B.Fab) (width 0.1))
    (fp_line (start 1.705 0.2) (end 2.75 0.2) (layer B.Fab) (width 0.1))
    (fp_line (start -2.75 -0.2) (end -1.705 -0.2) (layer B.Fab) (width 0.1))
    (fp_line (start -2.75 0.2) (end -2.75 -0.2) (layer B.Fab) (width 0.1))
    (fp_line (start -1.705 0.2) (end -2.75 0.2) (layer B.Fab) (width 0.1))
    (fp_line (start 2.75 1.07) (end 1.705 1.07) (layer B.Fab) (width 0.1))
    (fp_line (start 2.75 1.47) (end 2.75 1.07) (layer B.Fab) (width 0.1))
    (fp_line (start 1.705 1.47) (end 2.75 1.47) (layer B.Fab) (width 0.1))
    (fp_line (start -2.75 1.07) (end -1.705 1.07) (layer B.Fab) (width 0.1))
    (fp_line (start -2.75 1.47) (end -2.75 1.07) (layer B.Fab) (width 0.1))
    (fp_line (start -1.705 1.47) (end -2.75 1.47) (layer B.Fab) (width 0.1))
    (fp_line (start 2.75 2.34) (end 1.705 2.34) (layer B.Fab) (width 0.1))
    (fp_line (start 2.75 2.74) (end 2.75 2.34) (layer B.Fab) (width 0.1))
    (fp_line (start 1.705 2.74) (end 2.75 2.74) (layer B.Fab) (width 0.1))
    (fp_line (start -2.75 2.34) (end -1.705 2.34) (layer B.Fab) (width 0.1))
    (fp_line (start -2.75 2.74) (end -2.75 2.34) (layer B.Fab) (width 0.1))
    (fp_line (start -1.705 2.74) (end -2.75 2.74) (layer B.Fab) (width 0.1))
    (fp_line (start 1.705 3.175) (end 1.705 -3.175) (layer B.Fab) (width 0.1))
    (fp_line (start -1.705 2.74) (end -1.27 3.175) (layer B.Fab) (width 0.1))
    (fp_line (start -1.705 -3.175) (end -1.705 2.74) (layer B.Fab) (width 0.1))
    (fp_line (start -1.27 3.175) (end 1.705 3.175) (layer B.Fab) (width 0.1))
    (fp_line (start 1.705 -3.175) (end -1.705 -3.175) (layer B.Fab) (width 0.1))
    (fp_text user %R (at 0 0 270) (layer B.Fab)
      (effects (font (size 0.8 0.8) (thickness 0.1)) (justify mirror))
    )
    (pad 1 smd rect (at -1.95 2.54 180) (size 2.4 0.74) (layers B.Cu B.Paste B.Mask)
      (net 8 +3V3))
    (pad 2 smd rect (at 1.95 2.54 180) (size 2.4 0.74) (layers B.Cu B.Paste B.Mask)
      (net 14 "Net-(J2-Pad2)"))
    (pad 3 smd rect (at -1.95 1.27 180) (size 2.4 0.74) (layers B.Cu B.Paste B.Mask)
      (net 1 GND))
    (pad 4 smd rect (at 1.95 1.27 180) (size 2.4 0.74) (layers B.Cu B.Paste B.Mask)
      (net 13 "Net-(J2-Pad4)"))
    (pad 5 smd rect (at -1.95 0 180) (size 2.4 0.74) (layers B.Cu B.Paste B.Mask)
      (net 1 GND))
    (pad 6 smd rect (at 1.95 0 180) (size 2.4 0.74) (layers B.Cu B.Paste B.Mask)
      (net 12 "Net-(J2-Pad6)"))
    (pad 7 smd rect (at -1.95 -1.27 180) (size 2.4 0.74) (layers B.Cu B.Paste B.Mask))
    (pad 8 smd rect (at 1.95 -1.27 180) (size 2.4 0.74) (layers B.Cu B.Paste B.Mask)
      (net 11 "Net-(J2-Pad8)"))
    (pad 9 smd rect (at -1.95 -2.54 180) (size 2.4 0.74) (layers B.Cu B.Paste B.Mask)
      (net 1 GND))
    (pad 10 smd rect (at 1.95 -2.54 180) (size 2.4 0.74) (layers B.Cu B.Paste B.Mask)
      (net 9 /CC_RST))
    (model ${KISYS3DMOD}/Connector_PinHeader_1.27mm.3dshapes/PinHeader_2x05_P1.27mm_Vertical_SMD.wrl
      (at (xyz 0 0 0))
      (scale (xyz 1 1 1))
      (rotate (xyz 0 0 0))
    )
  )

  (module Capacitor_SMD:C_0603_1608Metric (layer F.Cu) (tedit 5F68FEEE) (tstamp 605CAE35)
    (at 155.15 145.025 270)
    (descr "Capacitor SMD 0603 (1608 Metric), square (rectangular) end terminal, IPC_7351 nominal, (Body size source: IPC-SM-782 page 76, https://www.pcb-3d.com/wordpress/wp-content/uploads/ipc-sm-782a_amendment_1_and_2.pdf), generated with kicad-footprint-generator")
    (tags capacitor)
    (path /62253D07)
    (attr smd)
    (fp_text reference C7 (at 2.075 0.05 180) (layer F.SilkS)
      (effects (font (size 0.8 0.8) (thickness 0.1)))
    )
    (fp_text value 0.1uF (at 0 1.43 90) (layer F.Fab)
      (effects (font (size 0.8 0.8) (thickness 0.1)))
    )
    (fp_line (start 1.48 0.73) (end -1.48 0.73) (layer F.CrtYd) (width 0.05))
    (fp_line (start 1.48 -0.73) (end 1.48 0.73) (layer F.CrtYd) (width 0.05))
    (fp_line (start -1.48 -0.73) (end 1.48 -0.73) (layer F.CrtYd) (width 0.05))
    (fp_line (start -1.48 0.73) (end -1.48 -0.73) (layer F.CrtYd) (width 0.05))
    (fp_line (start -0.14058 0.51) (end 0.14058 0.51) (layer F.SilkS) (width 0.12))
    (fp_line (start -0.14058 -0.51) (end 0.14058 -0.51) (layer F.SilkS) (width 0.12))
    (fp_line (start 0.8 0.4) (end -0.8 0.4) (layer F.Fab) (width 0.1))
    (fp_line (start 0.8 -0.4) (end 0.8 0.4) (layer F.Fab) (width 0.1))
    (fp_line (start -0.8 -0.4) (end 0.8 -0.4) (layer F.Fab) (width 0.1))
    (fp_line (start -0.8 0.4) (end -0.8 -0.4) (layer F.Fab) (width 0.1))
    (fp_text user %R (at 0 0 90) (layer F.Fab)
      (effects (font (size 0.8 0.8) (thickness 0.1)))
    )
    (pad 1 smd roundrect (at -0.775 0 270) (size 0.9 0.95) (layers F.Cu F.Paste F.Mask) (roundrect_rratio 0.25)
      (net 1 GND))
    (pad 2 smd roundrect (at 0.775 0 270) (size 0.9 0.95) (layers F.Cu F.Paste F.Mask) (roundrect_rratio 0.25)
      (net 8 +3V3))
    (model ${KISYS3DMOD}/Capacitor_SMD.3dshapes/C_0603_1608Metric.wrl
      (at (xyz 0 0 0))
      (scale (xyz 1 1 1))
      (rotate (xyz 0 0 0))
    )
  )

  (module Capacitor_SMD:C_0603_1608Metric (layer F.Cu) (tedit 5F68FEEE) (tstamp 605CAE24)
    (at 159.5 116.7 270)
    (descr "Capacitor SMD 0603 (1608 Metric), square (rectangular) end terminal, IPC_7351 nominal, (Body size source: IPC-SM-782 page 76, https://www.pcb-3d.com/wordpress/wp-content/uploads/ipc-sm-782a_amendment_1_and_2.pdf), generated with kicad-footprint-generator")
    (tags capacitor)
    (path /6278D6F9)
    (attr smd)
    (fp_text reference C6 (at -2.35 0 90) (layer F.SilkS)
      (effects (font (size 0.8 0.8) (thickness 0.1)))
    )
    (fp_text value 1nF (at 0 1.43 90) (layer F.Fab)
      (effects (font (size 0.8 0.8) (thickness 0.1)))
    )
    (fp_line (start 1.48 0.73) (end -1.48 0.73) (layer F.CrtYd) (width 0.05))
    (fp_line (start 1.48 -0.73) (end 1.48 0.73) (layer F.CrtYd) (width 0.05))
    (fp_line (start -1.48 -0.73) (end 1.48 -0.73) (layer F.CrtYd) (width 0.05))
    (fp_line (start -1.48 0.73) (end -1.48 -0.73) (layer F.CrtYd) (width 0.05))
    (fp_line (start -0.14058 0.51) (end 0.14058 0.51) (layer F.SilkS) (width 0.12))
    (fp_line (start -0.14058 -0.51) (end 0.14058 -0.51) (layer F.SilkS) (width 0.12))
    (fp_line (start 0.8 0.4) (end -0.8 0.4) (layer F.Fab) (width 0.1))
    (fp_line (start 0.8 -0.4) (end 0.8 0.4) (layer F.Fab) (width 0.1))
    (fp_line (start -0.8 -0.4) (end 0.8 -0.4) (layer F.Fab) (width 0.1))
    (fp_line (start -0.8 0.4) (end -0.8 -0.4) (layer F.Fab) (width 0.1))
    (fp_text user %R (at 0 0 90) (layer F.Fab)
      (effects (font (size 0.8 0.8) (thickness 0.1)))
    )
    (pad 1 smd roundrect (at -0.775 0 270) (size 0.9 0.95) (layers F.Cu F.Paste F.Mask) (roundrect_rratio 0.25)
      (net 1 GND))
    (pad 2 smd roundrect (at 0.775 0 270) (size 0.9 0.95) (layers F.Cu F.Paste F.Mask) (roundrect_rratio 0.25)
      (net 9 /CC_RST))
    (model ${KISYS3DMOD}/Capacitor_SMD.3dshapes/C_0603_1608Metric.wrl
      (at (xyz 0 0 0))
      (scale (xyz 1 1 1))
      (rotate (xyz 0 0 0))
    )
  )

  (module Capacitor_SMD:C_0603_1608Metric (layer B.Cu) (tedit 5F68FEEE) (tstamp 605CAE13)
    (at 149.9 142.225 90)
    (descr "Capacitor SMD 0603 (1608 Metric), square (rectangular) end terminal, IPC_7351 nominal, (Body size source: IPC-SM-782 page 76, https://www.pcb-3d.com/wordpress/wp-content/uploads/ipc-sm-782a_amendment_1_and_2.pdf), generated with kicad-footprint-generator")
    (tags capacitor)
    (path /6029CA8B)
    (attr smd)
    (fp_text reference C5 (at 0 1.43 270) (layer B.SilkS)
      (effects (font (size 0.8 0.8) (thickness 0.1)) (justify mirror))
    )
    (fp_text value 47pF (at 0 -1.43 270) (layer B.Fab)
      (effects (font (size 0.8 0.8) (thickness 0.1)) (justify mirror))
    )
    (fp_line (start 1.48 -0.73) (end -1.48 -0.73) (layer B.CrtYd) (width 0.05))
    (fp_line (start 1.48 0.73) (end 1.48 -0.73) (layer B.CrtYd) (width 0.05))
    (fp_line (start -1.48 0.73) (end 1.48 0.73) (layer B.CrtYd) (width 0.05))
    (fp_line (start -1.48 -0.73) (end -1.48 0.73) (layer B.CrtYd) (width 0.05))
    (fp_line (start -0.14058 -0.51) (end 0.14058 -0.51) (layer B.SilkS) (width 0.12))
    (fp_line (start -0.14058 0.51) (end 0.14058 0.51) (layer B.SilkS) (width 0.12))
    (fp_line (start 0.8 -0.4) (end -0.8 -0.4) (layer B.Fab) (width 0.1))
    (fp_line (start 0.8 0.4) (end 0.8 -0.4) (layer B.Fab) (width 0.1))
    (fp_line (start -0.8 0.4) (end 0.8 0.4) (layer B.Fab) (width 0.1))
    (fp_line (start -0.8 -0.4) (end -0.8 0.4) (layer B.Fab) (width 0.1))
    (fp_text user %R (at 0 0 270) (layer B.Fab)
      (effects (font (size 0.8 0.8) (thickness 0.1)) (justify mirror))
    )
    (pad 1 smd roundrect (at -0.775 0 90) (size 0.9 0.95) (layers B.Cu B.Paste B.Mask) (roundrect_rratio 0.25)
      (net 1 GND))
    (pad 2 smd roundrect (at 0.775 0 90) (size 0.9 0.95) (layers B.Cu B.Paste B.Mask) (roundrect_rratio 0.25)
      (net 21 /CC_USB-))
    (model ${KISYS3DMOD}/Capacitor_SMD.3dshapes/C_0603_1608Metric.wrl
      (at (xyz 0 0 0))
      (scale (xyz 1 1 1))
      (rotate (xyz 0 0 0))
    )
  )

  (module Capacitor_SMD:C_0603_1608Metric (layer B.Cu) (tedit 5F68FEEE) (tstamp 605CAE02)
    (at 154.4 142.225 270)
    (descr "Capacitor SMD 0603 (1608 Metric), square (rectangular) end terminal, IPC_7351 nominal, (Body size source: IPC-SM-782 page 76, https://www.pcb-3d.com/wordpress/wp-content/uploads/ipc-sm-782a_amendment_1_and_2.pdf), generated with kicad-footprint-generator")
    (tags capacitor)
    (path /6029C344)
    (attr smd)
    (fp_text reference C4 (at 0 1.43 270) (layer B.SilkS)
      (effects (font (size 0.8 0.8) (thickness 0.1)) (justify mirror))
    )
    (fp_text value 47pF (at 0 -1.43 270) (layer B.Fab)
      (effects (font (size 0.8 0.8) (thickness 0.1)) (justify mirror))
    )
    (fp_line (start 1.48 -0.73) (end -1.48 -0.73) (layer B.CrtYd) (width 0.05))
    (fp_line (start 1.48 0.73) (end 1.48 -0.73) (layer B.CrtYd) (width 0.05))
    (fp_line (start -1.48 0.73) (end 1.48 0.73) (layer B.CrtYd) (width 0.05))
    (fp_line (start -1.48 -0.73) (end -1.48 0.73) (layer B.CrtYd) (width 0.05))
    (fp_line (start -0.14058 -0.51) (end 0.14058 -0.51) (layer B.SilkS) (width 0.12))
    (fp_line (start -0.14058 0.51) (end 0.14058 0.51) (layer B.SilkS) (width 0.12))
    (fp_line (start 0.8 -0.4) (end -0.8 -0.4) (layer B.Fab) (width 0.1))
    (fp_line (start 0.8 0.4) (end 0.8 -0.4) (layer B.Fab) (width 0.1))
    (fp_line (start -0.8 0.4) (end 0.8 0.4) (layer B.Fab) (width 0.1))
    (fp_line (start -0.8 -0.4) (end -0.8 0.4) (layer B.Fab) (width 0.1))
    (fp_text user %R (at 0 0 270) (layer B.Fab)
      (effects (font (size 0.8 0.8) (thickness 0.1)) (justify mirror))
    )
    (pad 1 smd roundrect (at -0.775 0 270) (size 0.9 0.95) (layers B.Cu B.Paste B.Mask) (roundrect_rratio 0.25)
      (net 20 /CC_USB+))
    (pad 2 smd roundrect (at 0.775 0 270) (size 0.9 0.95) (layers B.Cu B.Paste B.Mask) (roundrect_rratio 0.25)
      (net 1 GND))
    (model ${KISYS3DMOD}/Capacitor_SMD.3dshapes/C_0603_1608Metric.wrl
      (at (xyz 0 0 0))
      (scale (xyz 1 1 1))
      (rotate (xyz 0 0 0))
    )
  )

  (module Package_DFN_QFN:QFN-24-1EP_4x4mm_P0.5mm_EP2.6x2.6mm (layer F.Cu) (tedit 5DC5F6A3) (tstamp 601924DE)
    (at 151.45 143.2 90)
    (descr "QFN, 24 Pin (http://ww1.microchip.com/downloads/en/PackagingSpec/00000049BQ.pdf#page=278), generated with kicad-footprint-generator ipc_noLead_generator.py")
    (tags "QFN NoLead")
    (path /602712A7)
    (attr smd)
    (fp_text reference U2 (at 0 -3.3 90) (layer F.SilkS)
      (effects (font (size 0.8 0.8) (thickness 0.1)))
    )
    (fp_text value CP2102N-A01-GQFN24 (at 0 3.3 90) (layer F.Fab)
      (effects (font (size 0.8 0.8) (thickness 0.1)))
    )
    (fp_line (start 1.635 -2.11) (end 2.11 -2.11) (layer F.SilkS) (width 0.12))
    (fp_line (start 2.11 -2.11) (end 2.11 -1.635) (layer F.SilkS) (width 0.12))
    (fp_line (start -1.635 2.11) (end -2.11 2.11) (layer F.SilkS) (width 0.12))
    (fp_line (start -2.11 2.11) (end -2.11 1.635) (layer F.SilkS) (width 0.12))
    (fp_line (start 1.635 2.11) (end 2.11 2.11) (layer F.SilkS) (width 0.12))
    (fp_line (start 2.11 2.11) (end 2.11 1.635) (layer F.SilkS) (width 0.12))
    (fp_line (start -1.635 -2.11) (end -2.11 -2.11) (layer F.SilkS) (width 0.12))
    (fp_line (start -1 -2) (end 2 -2) (layer F.Fab) (width 0.1))
    (fp_line (start 2 -2) (end 2 2) (layer F.Fab) (width 0.1))
    (fp_line (start 2 2) (end -2 2) (layer F.Fab) (width 0.1))
    (fp_line (start -2 2) (end -2 -1) (layer F.Fab) (width 0.1))
    (fp_line (start -2 -1) (end -1 -2) (layer F.Fab) (width 0.1))
    (fp_line (start -2.6 -2.6) (end -2.6 2.6) (layer F.CrtYd) (width 0.05))
    (fp_line (start -2.6 2.6) (end 2.6 2.6) (layer F.CrtYd) (width 0.05))
    (fp_line (start 2.6 2.6) (end 2.6 -2.6) (layer F.CrtYd) (width 0.05))
    (fp_line (start 2.6 -2.6) (end -2.6 -2.6) (layer F.CrtYd) (width 0.05))
    (fp_text user %R (at 0 0 90) (layer F.Fab)
      (effects (font (size 0.8 0.8) (thickness 0.1)))
    )
    (pad 1 smd roundrect (at -1.9375 -1.25 90) (size 0.825 0.25) (layers F.Cu F.Paste F.Mask) (roundrect_rratio 0.25))
    (pad 2 smd roundrect (at -1.9375 -0.75 90) (size 0.825 0.25) (layers F.Cu F.Paste F.Mask) (roundrect_rratio 0.25)
      (net 1 GND))
    (pad 3 smd roundrect (at -1.9375 -0.25 90) (size 0.825 0.25) (layers F.Cu F.Paste F.Mask) (roundrect_rratio 0.25)
      (net 5 /USB+))
    (pad 4 smd roundrect (at -1.9375 0.25 90) (size 0.825 0.25) (layers F.Cu F.Paste F.Mask) (roundrect_rratio 0.25)
      (net 4 /USB-))
